Listing of surface sag

File : C:\Users\Stephen Shectman\Dropbox\lens\1500\Run1536.zmx
Title: Magellan 3 Wide-Field 3.0 deg
Date : 9/10/2021
Configuration 1 of 3

Units are Millimeters.
Semi-Diameter of surface 34:  6.132713E+002.
Algorithm assumes +z goes from air to glass.

Method: Minimum Volume Removal
Best Fit Sphere Radius        : -1.104566E+004.
Best Fit Sphere Vertex Offset : -3.892766E-003.
Maximum Depth to Remove       :  8.523632E-002.
Volume To Remove              :  1.765273E+004 cubic Millimeters.

       Y-coord            Sag        BFS Sag      Deviation         Remove
 0.000000E+000  0.000000E+000 -0.000000E+000  0.000000E+000  3.892766E-003
 2.000000E+001 -1.803719E-002 -1.810668E-002  6.948774E-005  3.962254E-003
 4.000000E+001 -7.215312E-002 -7.242690E-002  2.737737E-004  4.166540E-003
 6.000000E+001 -1.623607E-001 -1.629612E-001  6.004670E-004  4.493233E-003
 8.000000E+001 -2.886810E-001 -2.897104E-001  1.029385E-003  4.922151E-003
 1.000000E+002 -4.511426E-001 -4.526759E-001  1.533259E-003  5.426025E-003
 1.200000E+002 -6.497804E-001 -6.518592E-001  2.078719E-003  5.971485E-003
 1.400000E+002 -8.846346E-001 -8.872622E-001  2.627558E-003  6.520324E-003
 1.600000E+002 -1.155749E+000 -1.158887E+000  3.138288E-003  7.031054E-003
 1.800000E+002 -1.463169E+000 -1.466737E+000  3.567965E-003  7.460731E-003
 2.000000E+002 -1.806941E+000 -1.810815E+000  3.874302E-003  7.767068E-003
 2.200000E+002 -2.187106E+000 -2.191124E+000  4.018065E-003  7.910831E-003
 2.400000E+002 -2.603702E+000 -2.607668E+000  3.965747E-003  7.858513E-003
 2.600000E+002 -3.056758E+000 -3.060450E+000  3.692526E-003  7.585292E-003
 2.800000E+002 -3.546291E+000 -3.549477E+000  3.185504E-003  7.078270E-003
 3.000000E+002 -4.072304E+000 -4.074751E+000  2.447225E-003  6.339991E-003
 3.200000E+002 -4.634780E+000 -4.636279E+000  1.499482E-003  5.392247E-003
 3.400000E+002 -5.233679E+000 -5.234066E+000  3.873942E-004  4.280160E-003
 3.600000E+002 -5.868934E+000 -5.868118E+000 -8.162200E-004  3.076546E-003
 3.800000E+002 -6.540447E+000 -6.538441E+000 -2.006202E-003  1.886564E-003
 4.000000E+002 -7.248082E+000 -7.245042E+000 -3.040123E-003  8.526433E-004
 4.200000E+002 -7.991661E+000 -7.987927E+000 -3.733070E-003  1.596962E-004
 4.400000E+002 -8.770957E+000 -8.767105E+000 -3.852159E-003  4.060709E-005
 4.600000E+002 -9.585693E+000 -9.582582E+000 -3.110758E-003  7.820074E-004
 4.800000E+002 -1.043553E+001 -1.043437E+001 -1.162435E-003  2.730331E-003
 5.000000E+002 -1.132006E+001 -1.132247E+001  2.405384E-003  6.298150E-003
 5.200000E+002 -1.223882E+001 -1.224689E+001  8.078030E-003  1.197080E-002
 5.400000E+002 -1.319123E+001 -1.320766E+001  1.642049E-002  2.031326E-002
 5.600000E+002 -1.417667E+001 -1.420476E+001  2.808459E-002  3.197736E-002
 5.800000E+002 -1.519440E+001 -1.523822E+001  4.381646E-002  4.770923E-002
 6.000000E+002 -1.624357E+001 -1.630804E+001  6.446429E-002  6.835705E-002
 6.132713E+002 -1.695666E+001 -1.703801E+001  8.134356E-002  8.523632E-002
